1 0.000000
1 0.000000
2 0.000000
1 0.000000
2 0.000000
4 0.000000
8 0.000000
16 0.000000
5 0.000000
10 0.000000
3 0.000000
1 0.000000
2 0.000000
4 0.000000
1 0.000000
2 0.000000
4 0.000000
638 0.015625
62 0.015625
5 0.000000
29 0.000000
30 0.031250
4 0.000000
395 0.015625
16 0.000000
5 0.000000
44 0.015625
3 0.000000
6 0.000000
1 0.000000
2 0.000000
4 0.000000
8 0.000000
16 0.000000
5 0.000000
10 0.000000
20 0.000000
40 0.000000
13 0.000000
2734 0.031250
52 0.000000
593 0.062500
34 0.000000
11 0.000000
22 0.000000
7 0.000000
1 0.000000
43 0.000000
4 0.000000
8 0.000000
1 0.000000
2 0.000000
4 0.000000
16 0.000000
80 0.000000
5 0.000000
10 0.000000
1079 0.031250
40 0.000000
13 0.000000
350 0.093750
91 0.093750
142 0.109375
12 0.015625
11 0.000000
22 0.000000
7 0.000000
14 0.000000
28 0.000000
9 0.000000
1 0.000000
2 0.000000
4 0.000000
8 0.000000
16 0.000000
5 0.000000
10 0.000000
1 0.000000
2 0.000000
4 0.000000
866 0.031250
4102 0.031250
4858 0.046875
10 0.000000
20 0.000000
40 0.000000
13 0.000000
91 0.140625
52 0.000000
82 0.156250
34 0.000000
40 0.000000
4 0.000000
92 0.031250
1 0.000000
2 0.000000
3238 0.078125
638 0.078125
502 0.093750
3 0.000000
6 0.000000
12 0.000000
142 0.140625
2 0.000000
10 0.015625
8 0.000000
16 0.000000
5 0.015625
10 0.000000
20 0.000000
40 0.000000
57 0.062500
5 0.015625
34 0.031250
4 0.000000
8 0.000000
17 0.031250
5 0.000000
10 0.000000
20 0.000000
5 0.000000
13 0.000000
26 0.000000
20 0.031250
17 0.000000
34 0.000000
5 0.000000
35 0.000000
92 0.015625
22 0.000000
1 0.000000
2 0.000000
4 0.000000
638 0.046875
16 0.000000
5 0.000000
10 0.000000
20 0.000000
91 0.093750
80 0.000000
62 0.109375
53 0.000000
106 0.000000
35 0.000000
70 0.000000
23 0.000000
46 0.000000
2734 0.078125
1 0.000000
2 0.000000
1132 0.093750
8 0.000000
16 0.000000
350 0.140625
2 0.000000
4 0.000000
8 0.000000
16 0.000000
5 0.000000
10 0.000000
16 0.000000
17 0.015625
28 0.015625
26 0.000000
52 0.000000
16 0.031250
1 0.000000
2 0.000000
76 0.046875
8 0.000000
16 0.000000
52 0.015625
29 0.031250
20 0.000000
40 0.000000
16 0.031250
26 0.000000
52 0.000000
10 0.000000
34 0.000000
11 0.000000
22 0.000000
7 0.000000
14 0.000000
160 0.015625
9 0.000000
18 0.000000
1 0.000000
6154 0.078125
4 0.000000
8 0.000000
16 0.000000
5 0.000000
167 0.156250
1186 0.171875
40 0.000000
13 0.000000
182 0.187500
52 0.000000
17 0.000000
5 0.031250
11 0.000000
9 0.046875
44 0.000000
16 0.015625
29 0.000000
58 0.000000
19 0.000000
577 0.062500
4616 0.062500
2734 0.062500
2429 0.093750
5 0.000000
8 0.000000
20 0.000000
668 0.125000
1 0.000000
2 0.000000
412 0.140625
8 0.000000
16 0.000000
32 0.000000
220 0.218750
21 0.000000
1 0.000000
2 0.000000
4 0.000000
8 0.000000
16 0.000000
85 0.046875
75 0.046875
5 0.015625
40 0.000000
88 0.046875
26 0.000000
52 0.000000
17 0.000000
34 0.000000
11 0.000000
22 0.000000
8 0.031250
16 0.000000
34 0.046875
29 0.062500
2 0.000000
4 0.000000
178 0.093750
10 0.000000
40 0.000000
80 0.000000
20 0.000000
106 0.000000
5 0.000000
79 0.078125
70 0.000000
23 0.000000
2 0.015625
1 0.015625
4 0.015625
8 0.015625
16 0.015625
5 0.015625
10 0.015625
3 0.015625
6 0.015625
12 0.015625
24 0.015625
1 0.000000
2 0.015625
4 0.015625
8 0.015625
16 0.015625
1438 0.125000
319 0.125000
40 0.015625
5 0.015625
13 0.015625
182 0.203125
52 0.015625
17 0.015625
34 0.015625
11 0.015625
8 0.015625
44 0.015625
88 0.015625
29 0.015625
244 0.031250
19 0.015625
38 0.015625
76 0.015625
7288 0.109375
1079 0.109375
958 0.125000
4 0.000000
8 0.000000
16 0.000000
5 0.000000
350 0.171875
484 0.187500
40 0.000000
13 0.000000
1 0.000000
1 0.000000
2 0.000000
4 0.000000
8 0.000000
16 0.000000
5 0.000000
17 0.031250
20 0.000000
40 0.015625
80 0.015625
160 0.015625
4 0.015625
40 0.031250
35 0.015625
70 0.015625
74 0.062500
46 0.015625
92 0.015625
184 0.015625
61 0.015625
17 0.015625
244 0.015625
488 0.015625
976 0.015625
325 0.015625
44 0.062500
1300 0.015625
433 0.015625
866 0.015625
4 0.000000
16 0.015625
1154 0.015625
90 0.031250
4616 0.015625
20 0.015625
3077 0.015625
6154 0.015625
488 0.062500
4102 0.015625
2308 0.093750
4616 0.109375
1822 0.125000
1822 0.015625
3644 0.015625
7288 0.015625
2429 0.015625
4858 0.015625
1619 0.015625
3238 0.015625
1079 0.015625
2158 0.015625
719 0.015625
1438 0.015625
40 0.031250
958 0.015625
319 0.015625
8 0.000000
20 0.031250
53 0.046875
850 0.015625
283 0.015625
566 0.015625
1132 0.015625
377 0.015625
754 0.015625
251 0.015625
445 0.015625
593 0.015625
395 0.015625
1186 0.015625
790 0.015625
2158 0.140625
958 0.140625
334 0.015625
377 0.156250
1336 0.015625
890 0.015625
1780 0.015625
350 0.187500
526 0.015625
175 0.015625
182 0.234375
700 0.015625
214 0.250000
94 0.250000
4 0.031250
155 0.015625
103 0.015625
122 0.093750
325 0.109375
137 0.015625
274 0.015625
1367 0.171875
182 0.015625
364 0.015625
719 0.234375
242 0.015625
484 0.015625
161 0.015625
322 0.015625
1780 0.296875
214 0.015625
350 0.312500
155 0.343750
206 0.343750
94 0.015625
31 0.015625
124 0.015625
82 0.015625
16 0.000000
27 0.015625
41 0.015625
1 0.015625
2 0.015625
2 0.000000
80 0.015625
16 0.015625
5 0.015625
10 0.015625
20 0.015625
1732 0.062500
3077 0.093750
2734 0.093750
52 0.015625
17 0.015625
34 0.015625
11 0.015625
22 0.015625
7 0.015625
14 0.015625
28 0.015625
1 0.000000
700 0.234375
4 0.000000
182 0.250000
484 0.250000
71 0.265625
5 0.000000
10 0.000000
20 0.000000
40 0.000000
26 0.000000
4 0.000000
17 0.000000
34 0.000000
11 0.000000
22 0.000000
148 0.062500
88 0.000000
1 0.000000
1 0.000000
2 0.000000
4 0.000000
8 0.000000
16 0.000000
5 0.000000
10 0.000000
20 0.000000
88 0.015625
80 0.000000
100 0.046875
53 0.000000
106 0.000000
35 0.015625
70 0.031250
23 0.031250
46 0.031250
15 0.031250
2 0.000000
1 0.000000
4 0.000000
2 0.000000
8 0.000000
16 0.000000
5 0.000000
10 0.000000
20 0.000000
40 0.000000
80 0.000000
122 0.109375
53 0.000000
433 0.125000
70 0.000000
35 0.000000
23 0.000000
46 0.000000
92 0.000000
184 0.000000
1438 0.171875
638 0.187500
244 0.000000
1132 0.218750
976 0.000000
325 0.000000
593 0.250000
263 0.265625
700 0.281250
866 0.000000
1367 0.000000
1732 0.000000
577 0.000000
1154 0.000000
4616 0.000000
9232 0.000000
6154 0.000000
26 0.015625
2308 0.000000
2051 0.000000
2734 0.000000
4102 0.000000
269 0.093750
1822 0.000000
3644 0.000000
7288 0.000000
2 0.000000
4858 0.000000
1619 0.000000
3238 0.000000
1079 0.000000
5 0.015625
719 0.000000
1438 0.000000
479 0.000000
958 0.000000
319 0.000000
866 0.062500
1276 0.000000
3077 0.062500
850 0.000000
3644 0.093750
4858 0.093750
1132 0.000000
377 0.000000
1276 0.140625
251 0.000000
377 0.156250
754 0.171875
334 0.000000
668 0.000000
1336 0.000000
155 0.234375
890 0.000000
242 0.265625
322 0.281250
1186 0.015625
1 0.000000
790 0.015625
20 0.015625
526 0.015625
175 0.015625
350 0.015625
700 0.015625
976 0.093750
325 0.093750
155 0.015625
310 0.015625
103 0.015625
206 0.015625
412 0.015625
137 0.015625
274 0.015625
638 0.250000
850 0.265625
364 0.015625
251 0.281250
242 0.015625
484 0.015625
161 0.015625
322 0.015625
107 0.015625
103 0.343750
206 0.359375
142 0.015625
161 0.390625
94 0.015625
31 0.015625
1 0.000000
2 0.000000
4 0.000000
8 0.000000
16 0.000000
32 0.000000
1 0.000000
184 0.062500
4 0.000000
1300 0.078125
1732 0.093750
5 0.000000
10 0.000000
20 0.015625
40 0.015625
1619 0.140625
26 0.015625
638 0.171875
52 0.015625
377 0.203125
502 0.218750
22 0.015625
890 0.250000
58 0.015625
19 0.015625
38 0.015625
76 0.015625
25 0.015625
182 0.328125
242 0.328125
10 0.000000
88 0.015625
29 0.015625
82 0.421875
20 0.000000
